[CameraInfo]
id: Camera003
model: Axis P1347 network camera

[CameraParameters]
intrinsics: 1052.514990 0.000000 603.042630 0.000000 1052.514990 467.585502 0.000000 0.000000 1.000000
rotation: -0.668744 0.280428 -0.688579 -0.742941 -0.216361 0.633425 0.028649 0.935173 0.353032
translation: -2.080544 3.234940 25.392795