[CameraInfo]
id: Camera002
model: Axis P1347 network camera
encoder: MPEG-4 DIVX

[CameraParameters]
width: 1024
height: 768
frame_rate: 15
intrinsics: 1197.804098 0.000000 596.116903 0.000000 1197.804098 494.801694 0.000000 0.000000 1.000000
rotation: -0.822061 -0.198633 0.533630 0.569180 -0.260655 0.779803 -0.015802 0.944777 0.327332
translation: -0.675675 1.4095492 2.731635