[CameraInfo]
id: Camera002
model: Axis P1347 network camera

[CameraParameters]
intrinsics: 3.131697 0.000000 361.054803 0.000000 3.131697 307.328799 0.000000 0.000000 1.000000
rotation: 0.99065123  0.08164497 0.10928966 0.12849368 -0.28936362 -0.94855578 -0.04582036 0.95373099 -0.29714929
translation: 7496.9800372 -1940.2122072 23838.027680
axis_factor: 1000000