[CameraInfo]
id: Camera001
model: Axis P1347 network camera

[CameraParameters]
intrinsics: 5.554918 0.000000 324.221490 0.000000 5.554918 282.566500 0.000000 0.000000 1.000000
rotation: 0.68613373 -0.43637034 -0.58206652 -0.72716343 -0.38796422 -0.56631891 0.02130379 0.811828 -0.58350789
translation: 828.732142 -3175.479605 35469.298547
axis_factor: 1000000