[CameraInfo]
id: Camera003
model: Axis P1347 network camera

[CameraParameters]
intrinsics: 6.828966 0.000000 372.841622 0.000000 6.828966 316.599536 0.000000 0.000000 1.000000
rotation: 0.82724579 -0.41076712 -0.38332071 -0.4742618 -0.14473793 -0.86840467 0.30123104 0.90017848 -0.314545
translation: 2560.215008 -1483.663337 51063.732312
axis_factor: 1000000