[CameraInfo]
id: Camera004
model: Axis P1347 network camera

[CameraParameters]
intrinsics: 18.579748 0.000000 351.927807 0.000000 18.579748 287.963485 0.000000 0.000000 1.000000
rotation: -0.51413534 0.25338303 -0.81942778 -0.43703925 -0.89943394 -0.00391001 -0.73801189 0.35611183 0.5731691
translation: -2952.436879 1410.285426 80157.550249
