[CameraInfo]
id: Camera001
model: Axis P1347 network camera

[CameraParameters]
intrinsics: 1056.807481 0.000000 621.970306 0.000000 1056.807481 470.258677 0.000000 0.000000 1.000000
rotation: 0.941745 0.068678 -0.329242 -0.329168 0.389135 -0.860362 0.069031 0.918617 0.389072
translation: -1.982214 0.8570602 2.924898