[CameraInfo]
id: Camera003
model: Axis P1347 network camera

[CameraParameters]
intrinsics: 1053.296391 0.000000 601.684602 0.000000 1053.296391 459.062928 0.000000 0.000000 1.000000
rotation: -0.897094 0.242719 -0.369201 -0.440882 -0.436765 0.784130 0.029069 0.866213 0.498829
translation: -0.670717 -4.662110 19.383302