[CameraInfo]
id: Camera004
model: Axis P1347 network camera

[CameraParameters]
intrinsics: 1036.768168 0.000000 625.988581 0.000000 1036.768168 474.430889 0.000000 0.000000 1.000000
rotation: -0.486817 -0.350018 0.800311 0.872112 -0.246462 0.422702 0.049293 0.903739 0.425237
translation: 1.632704 -3.656276 18.233928
axis_factor: 1