[CameraInfo]
id: Camera001
model: Axis P1347 network camera

[CameraParameters]
intrinsics: 1057.739787 0.000000 619.954841 0.000000 1057.739787 467.503178 0.000000 0.000000 1.000000
rotation: 0.943622 -0.028972 0.329755 0.309647 0.429441 -0.848351 -0.117032 0.902630 0.414201
translation: 0.769908 -2.425250 15.768010
axis_factor: 1