[CameraInfo]
id: Camera002
model: Axis P1347 network camera

[CameraParameters]
intrinsics: 1048.148183 0.000000 598.829539 0.000000 1048.148183 498.033029 0.000000 0.000000 1.000000
rotation: 0.368219 0.230201 -0.900790 -0.929738 0.089863 -0.357088 -0.001255 0.968985 0.247116
translation: -1.789954 -0.768939 21.506064
axis_factor: 1