[CameraInfo]
id: Camera001
model: Axis P1347 network camera
encoder: MPEG-4 DIVX

[CameraParameters]
width: 1024
height: 768
frame_rate: 20
intrinsics: 912.644243 0.000000 533.218446 0.000000 912.644243 474.968083 0.000000 0.000000 1.000000
rotation: -0.276801 0.960818 -0.014483 0.557930 0.148426 -0.816507 -0.782365 -0.234091 -0.577154
translation: 1.34986649 -1.05576925 6.55264379

