[CameraInfo]
id: Camera003
model: Axis P1347 network camera
encoder: MPEG-4 DIVX

[CameraParameters]
intrinsics: 870.715636 0.000000 545.551575 0.000000 870.715636 506.631679 0.000000 0.000000 1.000000
rotation: -0.149743 -0.988625 0.014082 -0.651863 0.088007 -0.753213 0.743406 -0.121968 -0.657626
translation: -1.40987888 -0.68159752 5.16431115
