[CameraInfo]
id: Camera002
model: Axis P1347 network camera

[CameraParameters]
intrinsics: 886.444299 0.000000 514.281560 0.000000 886.444299 506.210282 0.000000 0.000000 1.000000
rotation: -0.870108 -0.480244 0.110804 -0.380468 0.511582 -0.770408 0.313298 -0.712496 -0.627849
translation: -0.96150744 0.29687755 4.07633994
