[CameraInfo]
id: Camera004
model: Axis P1347 network camera
encoder: MPEG-4 DIVX

[CameraParameters]
intrinsics: 874.402633 0.000000 541.100611 0.000000 874.402633 474.339108 0.000000 0.000000 1.000000
rotation: 0.907964 -0.412827 -0.071942 -0.310650 -0.547876 -0.776742 0.281245 0.727603 -0.625696
translation: -0.85523994 -0.40350831 5.27913213
